0.05625 0.05625 0.05625 0.05625 0.05625 0.05625 0.05625 0.05625 0.15625 0.05625 0.05625 0.05625 0.05625 0.05625 0.05625 0.05625 
0.05625 0.05625 0.05625 0.05625 0.05625 0.05625 0.05625 0.05625 0.05625 0.15625 0.05625 0.05625 0.05625 0.05625 0.05625 0.05625 
0.05625 0.05625 0.05625 0.05625 0.05625 0.05625 0.05625 0.05625 0.05625 0.05625 0.15625 0.05625 0.05625 0.05625 0.05625 0.05625 
0.05625 0.05625 0.05625 0.05625 0.05625 0.05625 0.05625 0.05625 0.05625 0.05625 0.05625 0.15625 0.05625 0.05625 0.05625 0.05625 
0.05625 0.05625 0.05625 0.05625 0.05625 0.05625 0.05625 0.05625 0.05625 0.05625 0.05625 0.05625 0.15625 0.05625 0.05625 0.05625 
0.05625 0.05625 0.05625 0.05625 0.05625 0.05625 0.05625 0.05625 0.05625 0.05625 0.05625 0.05625 0.05625 0.15625 0.05625 0.05625 
0.05625 0.05625 0.05625 0.05625 0.05625 0.05625 0.05625 0.05625 0.05625 0.05625 0.05625 0.05625 0.05625 0.05625 0.15625 0.05625 
0.05625 0.05625 0.05625 0.05625 0.05625 0.05625 0.05625 0.05625 0.05625 0.05625 0.05625 0.05625 0.05625 0.05625 0.05625 0.15625 
0.15625 0.05625 0.05625 0.05625 0.05625 0.05625 0.05625 0.05625 0.05625 0.05625 0.05625 0.05625 0.05625 0.05625 0.05625 0.05625 
0.05625 0.15625 0.05625 0.05625 0.05625 0.05625 0.05625 0.05625 0.05625 0.05625 0.05625 0.05625 0.05625 0.05625 0.05625 0.05625 
0.05625 0.05625 0.15625 0.05625 0.05625 0.05625 0.05625 0.05625 0.05625 0.05625 0.05625 0.05625 0.05625 0.05625 0.05625 0.05625 
0.05625 0.05625 0.05625 0.15625 0.05625 0.05625 0.05625 0.05625 0.05625 0.05625 0.05625 0.05625 0.05625 0.05625 0.05625 0.05625 
0.05625 0.05625 0.05625 0.05625 0.15625 0.05625 0.05625 0.05625 0.05625 0.05625 0.05625 0.05625 0.05625 0.05625 0.05625 0.05625 
0.05625 0.05625 0.05625 0.05625 0.05625 0.15625 0.05625 0.05625 0.05625 0.05625 0.05625 0.05625 0.05625 0.05625 0.05625 0.05625 
0.05625 0.05625 0.05625 0.05625 0.05625 0.05625 0.15625 0.05625 0.05625 0.05625 0.05625 0.05625 0.05625 0.05625 0.05625 0.05625 
0.05625 0.05625 0.05625 0.05625 0.05625 0.05625 0.05625 0.15625 0.05625 0.05625 0.05625 0.05625 0.05625 0.05625 0.05625 0.05625 
