0.006249999999999999 0.006249999999999999 0.006249999999999999 0.006249999999999999 0.006249999999999999 0.006249999999999999 0.006249999999999999 0.006249999999999999 0.90625 0.006249999999999999 0.006249999999999999 0.006249999999999999 0.006249999999999999 0.006249999999999999 0.006249999999999999 0.006249999999999999 
0.006249999999999999 0.006249999999999999 0.006249999999999999 0.006249999999999999 0.006249999999999999 0.006249999999999999 0.006249999999999999 0.006249999999999999 0.006249999999999999 0.90625 0.006249999999999999 0.006249999999999999 0.006249999999999999 0.006249999999999999 0.006249999999999999 0.006249999999999999 
0.006249999999999999 0.006249999999999999 0.006249999999999999 0.006249999999999999 0.006249999999999999 0.006249999999999999 0.006249999999999999 0.006249999999999999 0.006249999999999999 0.006249999999999999 0.90625 0.006249999999999999 0.006249999999999999 0.006249999999999999 0.006249999999999999 0.006249999999999999 
0.006249999999999999 0.006249999999999999 0.006249999999999999 0.006249999999999999 0.006249999999999999 0.006249999999999999 0.006249999999999999 0.006249999999999999 0.006249999999999999 0.006249999999999999 0.006249999999999999 0.90625 0.006249999999999999 0.006249999999999999 0.006249999999999999 0.006249999999999999 
0.006249999999999999 0.006249999999999999 0.006249999999999999 0.006249999999999999 0.006249999999999999 0.006249999999999999 0.006249999999999999 0.006249999999999999 0.006249999999999999 0.006249999999999999 0.006249999999999999 0.006249999999999999 0.90625 0.006249999999999999 0.006249999999999999 0.006249999999999999 
0.006249999999999999 0.006249999999999999 0.006249999999999999 0.006249999999999999 0.006249999999999999 0.006249999999999999 0.006249999999999999 0.006249999999999999 0.006249999999999999 0.006249999999999999 0.006249999999999999 0.006249999999999999 0.006249999999999999 0.90625 0.006249999999999999 0.006249999999999999 
0.006249999999999999 0.006249999999999999 0.006249999999999999 0.006249999999999999 0.006249999999999999 0.006249999999999999 0.006249999999999999 0.006249999999999999 0.006249999999999999 0.006249999999999999 0.006249999999999999 0.006249999999999999 0.006249999999999999 0.006249999999999999 0.90625 0.006249999999999999 
0.006249999999999999 0.006249999999999999 0.006249999999999999 0.006249999999999999 0.006249999999999999 0.006249999999999999 0.006249999999999999 0.006249999999999999 0.006249999999999999 0.006249999999999999 0.006249999999999999 0.006249999999999999 0.006249999999999999 0.006249999999999999 0.006249999999999999 0.90625 
0.90625 0.006249999999999999 0.006249999999999999 0.006249999999999999 0.006249999999999999 0.006249999999999999 0.006249999999999999 0.006249999999999999 0.006249999999999999 0.006249999999999999 0.006249999999999999 0.006249999999999999 0.006249999999999999 0.006249999999999999 0.006249999999999999 0.006249999999999999 
0.006249999999999999 0.90625 0.006249999999999999 0.006249999999999999 0.006249999999999999 0.006249999999999999 0.006249999999999999 0.006249999999999999 0.006249999999999999 0.006249999999999999 0.006249999999999999 0.006249999999999999 0.006249999999999999 0.006249999999999999 0.006249999999999999 0.006249999999999999 
0.006249999999999999 0.006249999999999999 0.90625 0.006249999999999999 0.006249999999999999 0.006249999999999999 0.006249999999999999 0.006249999999999999 0.006249999999999999 0.006249999999999999 0.006249999999999999 0.006249999999999999 0.006249999999999999 0.006249999999999999 0.006249999999999999 0.006249999999999999 
0.006249999999999999 0.006249999999999999 0.006249999999999999 0.90625 0.006249999999999999 0.006249999999999999 0.006249999999999999 0.006249999999999999 0.006249999999999999 0.006249999999999999 0.006249999999999999 0.006249999999999999 0.006249999999999999 0.006249999999999999 0.006249999999999999 0.006249999999999999 
0.006249999999999999 0.006249999999999999 0.006249999999999999 0.006249999999999999 0.90625 0.006249999999999999 0.006249999999999999 0.006249999999999999 0.006249999999999999 0.006249999999999999 0.006249999999999999 0.006249999999999999 0.006249999999999999 0.006249999999999999 0.006249999999999999 0.006249999999999999 
0.006249999999999999 0.006249999999999999 0.006249999999999999 0.006249999999999999 0.006249999999999999 0.90625 0.006249999999999999 0.006249999999999999 0.006249999999999999 0.006249999999999999 0.006249999999999999 0.006249999999999999 0.006249999999999999 0.006249999999999999 0.006249999999999999 0.006249999999999999 
0.006249999999999999 0.006249999999999999 0.006249999999999999 0.006249999999999999 0.006249999999999999 0.006249999999999999 0.90625 0.006249999999999999 0.006249999999999999 0.006249999999999999 0.006249999999999999 0.006249999999999999 0.006249999999999999 0.006249999999999999 0.006249999999999999 0.006249999999999999 
0.006249999999999999 0.006249999999999999 0.006249999999999999 0.006249999999999999 0.006249999999999999 0.006249999999999999 0.006249999999999999 0.90625 0.006249999999999999 0.006249999999999999 0.006249999999999999 0.006249999999999999 0.006249999999999999 0.006249999999999999 0.006249999999999999 0.006249999999999999 
