0.04375 0.04375 0.04375 0.04375 0.04375 0.04375 0.04375 0.04375 0.34375 0.04375 0.04375 0.04375 0.04375 0.04375 0.04375 0.04375 
0.04375 0.04375 0.04375 0.04375 0.04375 0.04375 0.04375 0.04375 0.04375 0.34375 0.04375 0.04375 0.04375 0.04375 0.04375 0.04375 
0.04375 0.04375 0.04375 0.04375 0.04375 0.04375 0.04375 0.04375 0.04375 0.04375 0.34375 0.04375 0.04375 0.04375 0.04375 0.04375 
0.04375 0.04375 0.04375 0.04375 0.04375 0.04375 0.04375 0.04375 0.04375 0.04375 0.04375 0.34375 0.04375 0.04375 0.04375 0.04375 
0.04375 0.04375 0.04375 0.04375 0.04375 0.04375 0.04375 0.04375 0.04375 0.04375 0.04375 0.04375 0.34375 0.04375 0.04375 0.04375 
0.04375 0.04375 0.04375 0.04375 0.04375 0.04375 0.04375 0.04375 0.04375 0.04375 0.04375 0.04375 0.04375 0.34375 0.04375 0.04375 
0.04375 0.04375 0.04375 0.04375 0.04375 0.04375 0.04375 0.04375 0.04375 0.04375 0.04375 0.04375 0.04375 0.04375 0.34375 0.04375 
0.04375 0.04375 0.04375 0.04375 0.04375 0.04375 0.04375 0.04375 0.04375 0.04375 0.04375 0.04375 0.04375 0.04375 0.04375 0.34375 
0.34375 0.04375 0.04375 0.04375 0.04375 0.04375 0.04375 0.04375 0.04375 0.04375 0.04375 0.04375 0.04375 0.04375 0.04375 0.04375 
0.04375 0.34375 0.04375 0.04375 0.04375 0.04375 0.04375 0.04375 0.04375 0.04375 0.04375 0.04375 0.04375 0.04375 0.04375 0.04375 
0.04375 0.04375 0.34375 0.04375 0.04375 0.04375 0.04375 0.04375 0.04375 0.04375 0.04375 0.04375 0.04375 0.04375 0.04375 0.04375 
0.04375 0.04375 0.04375 0.34375 0.04375 0.04375 0.04375 0.04375 0.04375 0.04375 0.04375 0.04375 0.04375 0.04375 0.04375 0.04375 
0.04375 0.04375 0.04375 0.04375 0.34375 0.04375 0.04375 0.04375 0.04375 0.04375 0.04375 0.04375 0.04375 0.04375 0.04375 0.04375 
0.04375 0.04375 0.04375 0.04375 0.04375 0.34375 0.04375 0.04375 0.04375 0.04375 0.04375 0.04375 0.04375 0.04375 0.04375 0.04375 
0.04375 0.04375 0.04375 0.04375 0.04375 0.04375 0.34375 0.04375 0.04375 0.04375 0.04375 0.04375 0.04375 0.04375 0.04375 0.04375 
0.04375 0.04375 0.04375 0.04375 0.04375 0.04375 0.04375 0.34375 0.04375 0.04375 0.04375 0.04375 0.04375 0.04375 0.04375 0.04375 
