0.012499999999999997 0.012499999999999997 0.012499999999999997 0.012499999999999997 0.012499999999999997 0.012499999999999997 0.012499999999999997 0.012499999999999997 0.8125 0.012499999999999997 0.012499999999999997 0.012499999999999997 0.012499999999999997 0.012499999999999997 0.012499999999999997 0.012499999999999997 
0.012499999999999997 0.012499999999999997 0.012499999999999997 0.012499999999999997 0.012499999999999997 0.012499999999999997 0.012499999999999997 0.012499999999999997 0.012499999999999997 0.8125 0.012499999999999997 0.012499999999999997 0.012499999999999997 0.012499999999999997 0.012499999999999997 0.012499999999999997 
0.012499999999999997 0.012499999999999997 0.012499999999999997 0.012499999999999997 0.012499999999999997 0.012499999999999997 0.012499999999999997 0.012499999999999997 0.012499999999999997 0.012499999999999997 0.8125 0.012499999999999997 0.012499999999999997 0.012499999999999997 0.012499999999999997 0.012499999999999997 
0.012499999999999997 0.012499999999999997 0.012499999999999997 0.012499999999999997 0.012499999999999997 0.012499999999999997 0.012499999999999997 0.012499999999999997 0.012499999999999997 0.012499999999999997 0.012499999999999997 0.8125 0.012499999999999997 0.012499999999999997 0.012499999999999997 0.012499999999999997 
0.012499999999999997 0.012499999999999997 0.012499999999999997 0.012499999999999997 0.012499999999999997 0.012499999999999997 0.012499999999999997 0.012499999999999997 0.012499999999999997 0.012499999999999997 0.012499999999999997 0.012499999999999997 0.8125 0.012499999999999997 0.012499999999999997 0.012499999999999997 
0.012499999999999997 0.012499999999999997 0.012499999999999997 0.012499999999999997 0.012499999999999997 0.012499999999999997 0.012499999999999997 0.012499999999999997 0.012499999999999997 0.012499999999999997 0.012499999999999997 0.012499999999999997 0.012499999999999997 0.8125 0.012499999999999997 0.012499999999999997 
0.012499999999999997 0.012499999999999997 0.012499999999999997 0.012499999999999997 0.012499999999999997 0.012499999999999997 0.012499999999999997 0.012499999999999997 0.012499999999999997 0.012499999999999997 0.012499999999999997 0.012499999999999997 0.012499999999999997 0.012499999999999997 0.8125 0.012499999999999997 
0.012499999999999997 0.012499999999999997 0.012499999999999997 0.012499999999999997 0.012499999999999997 0.012499999999999997 0.012499999999999997 0.012499999999999997 0.012499999999999997 0.012499999999999997 0.012499999999999997 0.012499999999999997 0.012499999999999997 0.012499999999999997 0.012499999999999997 0.8125 
0.8125 0.012499999999999997 0.012499999999999997 0.012499999999999997 0.012499999999999997 0.012499999999999997 0.012499999999999997 0.012499999999999997 0.012499999999999997 0.012499999999999997 0.012499999999999997 0.012499999999999997 0.012499999999999997 0.012499999999999997 0.012499999999999997 0.012499999999999997 
0.012499999999999997 0.8125 0.012499999999999997 0.012499999999999997 0.012499999999999997 0.012499999999999997 0.012499999999999997 0.012499999999999997 0.012499999999999997 0.012499999999999997 0.012499999999999997 0.012499999999999997 0.012499999999999997 0.012499999999999997 0.012499999999999997 0.012499999999999997 
0.012499999999999997 0.012499999999999997 0.8125 0.012499999999999997 0.012499999999999997 0.012499999999999997 0.012499999999999997 0.012499999999999997 0.012499999999999997 0.012499999999999997 0.012499999999999997 0.012499999999999997 0.012499999999999997 0.012499999999999997 0.012499999999999997 0.012499999999999997 
0.012499999999999997 0.012499999999999997 0.012499999999999997 0.8125 0.012499999999999997 0.012499999999999997 0.012499999999999997 0.012499999999999997 0.012499999999999997 0.012499999999999997 0.012499999999999997 0.012499999999999997 0.012499999999999997 0.012499999999999997 0.012499999999999997 0.012499999999999997 
0.012499999999999997 0.012499999999999997 0.012499999999999997 0.012499999999999997 0.8125 0.012499999999999997 0.012499999999999997 0.012499999999999997 0.012499999999999997 0.012499999999999997 0.012499999999999997 0.012499999999999997 0.012499999999999997 0.012499999999999997 0.012499999999999997 0.012499999999999997 
0.012499999999999997 0.012499999999999997 0.012499999999999997 0.012499999999999997 0.012499999999999997 0.8125 0.012499999999999997 0.012499999999999997 0.012499999999999997 0.012499999999999997 0.012499999999999997 0.012499999999999997 0.012499999999999997 0.012499999999999997 0.012499999999999997 0.012499999999999997 
0.012499999999999997 0.012499999999999997 0.012499999999999997 0.012499999999999997 0.012499999999999997 0.012499999999999997 0.8125 0.012499999999999997 0.012499999999999997 0.012499999999999997 0.012499999999999997 0.012499999999999997 0.012499999999999997 0.012499999999999997 0.012499999999999997 0.012499999999999997 
0.012499999999999997 0.012499999999999997 0.012499999999999997 0.012499999999999997 0.012499999999999997 0.012499999999999997 0.012499999999999997 0.8125 0.012499999999999997 0.012499999999999997 0.012499999999999997 0.012499999999999997 0.012499999999999997 0.012499999999999997 0.012499999999999997 0.012499999999999997 
