0.0375 0.0375 0.0375 0.0375 0.0375 0.0375 0.0375 0.0375 0.4375 0.0375 0.0375 0.0375 0.0375 0.0375 0.0375 0.0375 
0.0375 0.0375 0.0375 0.0375 0.0375 0.0375 0.0375 0.0375 0.0375 0.4375 0.0375 0.0375 0.0375 0.0375 0.0375 0.0375 
0.0375 0.0375 0.0375 0.0375 0.0375 0.0375 0.0375 0.0375 0.0375 0.0375 0.4375 0.0375 0.0375 0.0375 0.0375 0.0375 
0.0375 0.0375 0.0375 0.0375 0.0375 0.0375 0.0375 0.0375 0.0375 0.0375 0.0375 0.4375 0.0375 0.0375 0.0375 0.0375 
0.0375 0.0375 0.0375 0.0375 0.0375 0.0375 0.0375 0.0375 0.0375 0.0375 0.0375 0.0375 0.4375 0.0375 0.0375 0.0375 
0.0375 0.0375 0.0375 0.0375 0.0375 0.0375 0.0375 0.0375 0.0375 0.0375 0.0375 0.0375 0.0375 0.4375 0.0375 0.0375 
0.0375 0.0375 0.0375 0.0375 0.0375 0.0375 0.0375 0.0375 0.0375 0.0375 0.0375 0.0375 0.0375 0.0375 0.4375 0.0375 
0.0375 0.0375 0.0375 0.0375 0.0375 0.0375 0.0375 0.0375 0.0375 0.0375 0.0375 0.0375 0.0375 0.0375 0.0375 0.4375 
0.4375 0.0375 0.0375 0.0375 0.0375 0.0375 0.0375 0.0375 0.0375 0.0375 0.0375 0.0375 0.0375 0.0375 0.0375 0.0375 
0.0375 0.4375 0.0375 0.0375 0.0375 0.0375 0.0375 0.0375 0.0375 0.0375 0.0375 0.0375 0.0375 0.0375 0.0375 0.0375 
0.0375 0.0375 0.4375 0.0375 0.0375 0.0375 0.0375 0.0375 0.0375 0.0375 0.0375 0.0375 0.0375 0.0375 0.0375 0.0375 
0.0375 0.0375 0.0375 0.4375 0.0375 0.0375 0.0375 0.0375 0.0375 0.0375 0.0375 0.0375 0.0375 0.0375 0.0375 0.0375 
0.0375 0.0375 0.0375 0.0375 0.4375 0.0375 0.0375 0.0375 0.0375 0.0375 0.0375 0.0375 0.0375 0.0375 0.0375 0.0375 
0.0375 0.0375 0.0375 0.0375 0.0375 0.4375 0.0375 0.0375 0.0375 0.0375 0.0375 0.0375 0.0375 0.0375 0.0375 0.0375 
0.0375 0.0375 0.0375 0.0375 0.0375 0.0375 0.4375 0.0375 0.0375 0.0375 0.0375 0.0375 0.0375 0.0375 0.0375 0.0375 
0.0375 0.0375 0.0375 0.0375 0.0375 0.0375 0.0375 0.4375 0.0375 0.0375 0.0375 0.0375 0.0375 0.0375 0.0375 0.0375 
