0.018750000000000003 0.018750000000000003 0.018750000000000003 0.018750000000000003 0.018750000000000003 0.018750000000000003 0.018750000000000003 0.018750000000000003 0.71875 0.018750000000000003 0.018750000000000003 0.018750000000000003 0.018750000000000003 0.018750000000000003 0.018750000000000003 0.018750000000000003 
0.018750000000000003 0.018750000000000003 0.018750000000000003 0.018750000000000003 0.018750000000000003 0.018750000000000003 0.018750000000000003 0.018750000000000003 0.018750000000000003 0.71875 0.018750000000000003 0.018750000000000003 0.018750000000000003 0.018750000000000003 0.018750000000000003 0.018750000000000003 
0.018750000000000003 0.018750000000000003 0.018750000000000003 0.018750000000000003 0.018750000000000003 0.018750000000000003 0.018750000000000003 0.018750000000000003 0.018750000000000003 0.018750000000000003 0.71875 0.018750000000000003 0.018750000000000003 0.018750000000000003 0.018750000000000003 0.018750000000000003 
0.018750000000000003 0.018750000000000003 0.018750000000000003 0.018750000000000003 0.018750000000000003 0.018750000000000003 0.018750000000000003 0.018750000000000003 0.018750000000000003 0.018750000000000003 0.018750000000000003 0.71875 0.018750000000000003 0.018750000000000003 0.018750000000000003 0.018750000000000003 
0.018750000000000003 0.018750000000000003 0.018750000000000003 0.018750000000000003 0.018750000000000003 0.018750000000000003 0.018750000000000003 0.018750000000000003 0.018750000000000003 0.018750000000000003 0.018750000000000003 0.018750000000000003 0.71875 0.018750000000000003 0.018750000000000003 0.018750000000000003 
0.018750000000000003 0.018750000000000003 0.018750000000000003 0.018750000000000003 0.018750000000000003 0.018750000000000003 0.018750000000000003 0.018750000000000003 0.018750000000000003 0.018750000000000003 0.018750000000000003 0.018750000000000003 0.018750000000000003 0.71875 0.018750000000000003 0.018750000000000003 
0.018750000000000003 0.018750000000000003 0.018750000000000003 0.018750000000000003 0.018750000000000003 0.018750000000000003 0.018750000000000003 0.018750000000000003 0.018750000000000003 0.018750000000000003 0.018750000000000003 0.018750000000000003 0.018750000000000003 0.018750000000000003 0.71875 0.018750000000000003 
0.018750000000000003 0.018750000000000003 0.018750000000000003 0.018750000000000003 0.018750000000000003 0.018750000000000003 0.018750000000000003 0.018750000000000003 0.018750000000000003 0.018750000000000003 0.018750000000000003 0.018750000000000003 0.018750000000000003 0.018750000000000003 0.018750000000000003 0.71875 
0.71875 0.018750000000000003 0.018750000000000003 0.018750000000000003 0.018750000000000003 0.018750000000000003 0.018750000000000003 0.018750000000000003 0.018750000000000003 0.018750000000000003 0.018750000000000003 0.018750000000000003 0.018750000000000003 0.018750000000000003 0.018750000000000003 0.018750000000000003 
0.018750000000000003 0.71875 0.018750000000000003 0.018750000000000003 0.018750000000000003 0.018750000000000003 0.018750000000000003 0.018750000000000003 0.018750000000000003 0.018750000000000003 0.018750000000000003 0.018750000000000003 0.018750000000000003 0.018750000000000003 0.018750000000000003 0.018750000000000003 
0.018750000000000003 0.018750000000000003 0.71875 0.018750000000000003 0.018750000000000003 0.018750000000000003 0.018750000000000003 0.018750000000000003 0.018750000000000003 0.018750000000000003 0.018750000000000003 0.018750000000000003 0.018750000000000003 0.018750000000000003 0.018750000000000003 0.018750000000000003 
0.018750000000000003 0.018750000000000003 0.018750000000000003 0.71875 0.018750000000000003 0.018750000000000003 0.018750000000000003 0.018750000000000003 0.018750000000000003 0.018750000000000003 0.018750000000000003 0.018750000000000003 0.018750000000000003 0.018750000000000003 0.018750000000000003 0.018750000000000003 
0.018750000000000003 0.018750000000000003 0.018750000000000003 0.018750000000000003 0.71875 0.018750000000000003 0.018750000000000003 0.018750000000000003 0.018750000000000003 0.018750000000000003 0.018750000000000003 0.018750000000000003 0.018750000000000003 0.018750000000000003 0.018750000000000003 0.018750000000000003 
0.018750000000000003 0.018750000000000003 0.018750000000000003 0.018750000000000003 0.018750000000000003 0.71875 0.018750000000000003 0.018750000000000003 0.018750000000000003 0.018750000000000003 0.018750000000000003 0.018750000000000003 0.018750000000000003 0.018750000000000003 0.018750000000000003 0.018750000000000003 
0.018750000000000003 0.018750000000000003 0.018750000000000003 0.018750000000000003 0.018750000000000003 0.018750000000000003 0.71875 0.018750000000000003 0.018750000000000003 0.018750000000000003 0.018750000000000003 0.018750000000000003 0.018750000000000003 0.018750000000000003 0.018750000000000003 0.018750000000000003 
0.018750000000000003 0.018750000000000003 0.018750000000000003 0.018750000000000003 0.018750000000000003 0.018750000000000003 0.018750000000000003 0.71875 0.018750000000000003 0.018750000000000003 0.018750000000000003 0.018750000000000003 0.018750000000000003 0.018750000000000003 0.018750000000000003 0.018750000000000003 
