0.025 0.025 0.025 0.025 0.025 0.025 0.025 0.025 0.625 0.025 0.025 0.025 0.025 0.025 0.025 0.025 
0.025 0.025 0.025 0.025 0.025 0.025 0.025 0.025 0.025 0.625 0.025 0.025 0.025 0.025 0.025 0.025 
0.025 0.025 0.025 0.025 0.025 0.025 0.025 0.025 0.025 0.025 0.625 0.025 0.025 0.025 0.025 0.025 
0.025 0.025 0.025 0.025 0.025 0.025 0.025 0.025 0.025 0.025 0.025 0.625 0.025 0.025 0.025 0.025 
0.025 0.025 0.025 0.025 0.025 0.025 0.025 0.025 0.025 0.025 0.025 0.025 0.625 0.025 0.025 0.025 
0.025 0.025 0.025 0.025 0.025 0.025 0.025 0.025 0.025 0.025 0.025 0.025 0.025 0.625 0.025 0.025 
0.025 0.025 0.025 0.025 0.025 0.025 0.025 0.025 0.025 0.025 0.025 0.025 0.025 0.025 0.625 0.025 
0.025 0.025 0.025 0.025 0.025 0.025 0.025 0.025 0.025 0.025 0.025 0.025 0.025 0.025 0.025 0.625 
0.625 0.025 0.025 0.025 0.025 0.025 0.025 0.025 0.025 0.025 0.025 0.025 0.025 0.025 0.025 0.025 
0.025 0.625 0.025 0.025 0.025 0.025 0.025 0.025 0.025 0.025 0.025 0.025 0.025 0.025 0.025 0.025 
0.025 0.025 0.625 0.025 0.025 0.025 0.025 0.025 0.025 0.025 0.025 0.025 0.025 0.025 0.025 0.025 
0.025 0.025 0.025 0.625 0.025 0.025 0.025 0.025 0.025 0.025 0.025 0.025 0.025 0.025 0.025 0.025 
0.025 0.025 0.025 0.025 0.625 0.025 0.025 0.025 0.025 0.025 0.025 0.025 0.025 0.025 0.025 0.025 
0.025 0.025 0.025 0.025 0.025 0.625 0.025 0.025 0.025 0.025 0.025 0.025 0.025 0.025 0.025 0.025 
0.025 0.025 0.025 0.025 0.025 0.025 0.625 0.025 0.025 0.025 0.025 0.025 0.025 0.025 0.025 0.025 
0.025 0.025 0.025 0.025 0.025 0.025 0.025 0.625 0.025 0.025 0.025 0.025 0.025 0.025 0.025 0.025 
